1526057100.08;1;2;3;4;
1526057300.92;59;3003;3002;2141;2140;1281;15;13;
1526057301.92;59;3003;3002;2141;2140;1281;15;13;
1526057302.93;59;3003;3002;2141;2140;1281;15;13;
1526057303.93;59;3003;3002;2141;2140;1281;15;13;
1526057304.94;59;3003;3002;2141;2140;1281;14;13;
1526057305.94;59;3003;3002;2141;2140;1281;14;13;
1526057306.95;59;3003;3002;2141;2140;1281;15;13;
1526057307.95;59;3003;3002;2141;2140;1281;15;12;
1526057308.96;59;3003;3002;2141;2140;1281;15;13;
1526057309.96;59;3003;3003;2141;2140;1281;14;13;
1526057310.96;59;3003;3002;2141;2140;1281;15;12;
1526057311.97;59;3003;3003;2141;2140;1281;14;13;
1526057312.98;59;3003;3002;2141;2140;1281;15;13;
1526057313.98;59;3003;3003;2141;2140;1281;14;14;
1526057314.98;59;3003;3003;2141;2140;1281;15;12;
1526057315.99;59;3002;3002;2141;2140;1282;14;12;
1526057317.0;59;3003;3003;2141;2140;1281;15;14;
1526057318.0;59;3003;3003;2141;2140;1281;15;13;
1526057319.01;59;3003;3003;2141;2140;1282;14;13;
1526057320.01;59;3003;3002;2141;2140;1281;14;12;
1526057321.02;59;3003;3003;2141;2140;1280;17;15;
