1525950619.28;62;2992;2991;2119;2119;1251;11;
1525950620.51;62;2992;2992;2119;2119;1251;5;
1525950621.73;62;2992;2992;2115;2119;1251;8;
1525971436.95;60.0;3003.0;3002.9;2142.0;2140.7;1282.8;17.1;23.6;
1525971836.62;59.83;3004.4;3004.14;2144.54;2143.68;1286.25;15.68;16.64;
1525971837.63;60.2574257426;3004.68316832;3004.26732673;2144.4950495;2143.62376238;1286.78217822;19.0891089109;22.8316831683;
1525971838.63;59.7128712871;3004.47524752;3004.34653465;2144.48514851;2143.66336634;1286.52475248;25.1782178218;31.4752475248;
1525971839.63;59.6336633663;3004.71287129;3004.0;2144.73267327;2143.77227723;1286.5049505;14.7425742574;15.1683168317;
1525971840.64;59.3861386139;3004.72277228;3003.96039604;2144.36633663;2143.57425743;1286.74257426;21.1188118812;25.4059405941;
1525971841.64;59.6633663366;3004.69306931;3003.97029703;2144.4950495;2143.82178218;1286.51485149;17.0297029703;18.0495049505;
1525971842.65;59.9207920792;3004.91089109;3004.17821782;2144.71287129;2143.62376238;1286.76237624;19.0;22.8415841584;
1525971843.65;59.3168316832;3004.4950495;3004.04950495;2144.71287129;2143.16831683;1286.55445545;25.0594059406;27.297029703;
1525971844.65;60.1485148515;3004.69306931;3004.06930693;2144.68316832;2143.71287129;1286.66336634;17.9306930693;21.2772277228;
1525971862.2;60.1485148515;3004.82178218;3004.53465347;2144.7029703;2143.68316832;1287.0;25.3663366337;28.6633663366;
1525971863.2;60.16;3005.03;3004.14;2144.76;2143.41;1287.99;24.45;25.84;
1525971914.04;60.0;3005.0;3004.0;2144.0;2144.0;1287.0;2.0;14.0;
1525971915.05;60.0;3005.0;3004.0;2144.0;2144.0;1287.0;24.0;31.0;
1525971916.05;60.0;3005.0;3004.0;2145.0;2144.0;1287.0;12.5;11.0;
1525971917.06;60.0;3005.0;3004.0;2145.0;2144.0;1287.0;11.0;17.5;
1525971918.06;60.0;3004.0;3004.0;2144.0;2144.0;1287.0;6.0;9.0;
1525971919.07;60.0;3005.0;3004.0;2145.0;2144.0;1287.0;31.0;36.0;
1525971920.07;60.0;3005.0;3004.0;2145.0;2144.0;1287.0;15.0;17.0;
1525971921.08;60.0;3005.0;3004.0;2145.0;2144.0;1287.0;0.0;0.0;
1525971922.08;60.0;3005.0;3004.0;2145.0;2144.0;1287.0;12.0;14.0;
1525971923.09;60.0;3005.0;3004.0;2145.0;2144.0;1287.0;14.5;11.5;
1525971924.09;60.0;3005.0;3004.0;2145.0;2144.0;1287.0;10.5;4.0;
1525971925.1;60.0;3005.0;3004.0;2145.0;2144.0;1287.0;0.0;0.0;
1525971926.1;60.0;3005.0;3004.0;2145.0;2144.0;1287.0;16.0;17.0;
1525971927.11;60.0;3005.0;3004.0;2145.0;2144.0;1287.0;30.0;35.0;
1525971928.11;60.0;3005.0;3004.0;2145.0;2144.0;1287.0;15.0;10.0;
1525971929.12;60.0;3005.0;3004.0;2145.0;2144.0;1287.0;0.0;0.0;
1525971930.12;60.0;3005.0;3004.0;2145.0;2144.0;1287.0;7.0;5.0;
1525971931.13;60.0;3005.0;3004.0;2145.0;2144.0;1287.0;27.0;33.0;
1525971932.13;60.0;3005.0;3004.0;2145.0;2144.0;1287.0;14.0;15.0;
1525971933.14;60.0;3004.0;3004.0;2145.0;2144.0;1287.0;0.0;0.0;
1525971934.14;60.0;3005.0;3004.0;2144.0;2144.0;1287.0;12.0;15.0;
1525971935.14;60.0;3005.0;3004.0;2145.0;2144.0;1287.0;30.0;36.0;
1525971936.15;60.0;3005.0;3004.0;2145.0;2144.0;1287.0;24.0;24.0;
1525971937.15;60.0;3005.0;3004.0;2145.0;2144.0;1287.0;1.0;0.0;
1525971938.16;60.0;3005.0;3004.0;2145.0;2144.0;1287.0;2.0;1.0;
1525971939.16;60.0;3005.0;3004.0;2145.0;2144.0;1287.0;17.0;25.0;
1525971940.17;60.0;3004.0;3004.0;2145.0;2144.0;1287.0;25.0;32.0;
1525971941.17;60.0;3005.0;3004.0;2144.0;2144.0;1287.0;8.0;0.0;
1525971942.18;60.0;3005.0;3004.0;2144.0;2144.0;1287.0;7.0;0.0;
1525971943.18;60.0;3005.0;3004.0;2144.0;2144.0;1287.0;17.0;16.0;
1525971944.19;60.0;3005.0;3004.0;2144.0;2144.0;1287.0;32.0;37.0;
1525971965.68;60.0;3004.0;3004.0;2144.0;2143.0;1286.0;11.0;8.5;
1525971966.68;60.0;3004.0;3004.0;2144.0;2143.0;1286.0;14.5;13.5;
1525971967.69;60.0;3004.0;3004.0;2144.0;2143.0;1286.0;15.0;15.0;
1525971968.7;60.0;3004.0;3004.0;2144.0;2143.0;1286.0;13.0;11.0;
1525971969.7;60.0;3004.0;3004.0;2144.0;2143.0;1286.0;15.0;13.0;
1525971970.71;60.0;3004.0;3004.0;2144.0;2143.0;1286.0;14.5;14.0;
1525971971.72;60.0;3004.0;3004.0;2144.0;2143.0;1286.0;14.0;12.0;
1525971972.72;60.0;3004.0;3004.0;2144.0;2143.0;1286.0;14.5;13.0;
1525971973.73;60.0;3004.0;3004.0;2144.0;2143.0;1286.0;14.0;13.0;
1525971974.74;60.0;3004.0;3004.0;2144.0;2143.0;1286.0;13.0;13.0;
1525971975.74;60.0;3004.0;3004.0;2144.0;2143.0;1286.0;14.0;13.0;
1525971976.75;60.0;3004.0;3004.0;2144.0;2143.0;1286.0;16.0;12.0;
1525971977.76;60.0;3004.0;3004.0;2144.0;2143.0;1286.0;14.0;14.0;
1525971978.76;60.0;3004.0;3004.0;2144.0;2143.0;1286.0;14.0;13.0;
1525971979.77;60.0;3004.0;3004.0;2144.0;2143.0;1286.0;15.0;13.0;
1525971980.78;60.0;3004.0;3004.0;2144.0;2143.0;1286.0;13.0;13.0;
1525971981.78;60.0;3004.0;3004.0;2144.0;2143.0;1286.0;15.0;12.0;
1525971982.79;60.0;3004.0;3004.0;2144.0;2143.0;1286.0;13.0;14.0;
1525971983.8;60.0;3004.0;3004.0;2144.0;2143.0;1286.0;15.0;13.0;
1525971984.8;60.0;3005.0;3004.0;2144.0;2143.0;1286.0;15.0;14.5;
1525971985.81;60.0;3004.0;3004.0;2144.0;2143.0;1286.0;15.0;13.0;
1525971986.82;60.0;3004.0;3004.0;2144.0;2143.0;1286.0;15.0;12.5;
1525971987.82;60.0;3004.0;3004.0;2144.0;2143.0;1286.0;14.0;11.0;
1525971988.83;60.0;3004.0;3004.0;2144.0;2143.0;1286.0;15.0;14.5;
1525971989.83;60.0;3004.0;3004.0;2144.0;2143.0;1286.0;14.5;13.5;
1525971990.85;60.0;3004.0;3004.0;2144.0;2143.0;1286.0;16.0;16.0;
1525971991.85;60.0;3004.0;3004.0;2144.0;2143.0;1286.0;14.0;12.0;
1525971992.86;60.0;3004.0;3004.0;2144.0;2143.0;1286.0;14.5;13.0;
1525971993.86;60.0;3004.0;3004.0;2144.0;2143.0;1286.0;13.5;13.5;
1525971994.87;60.0;3004.0;3004.0;2144.0;2143.0;1286.0;15.0;14.0;
1525971995.87;60.0;3004.0;3004.0;2144.0;2143.0;1286.0;14.0;15.0;
1525971996.88;60.0;3004.0;3004.0;2144.0;2143.0;1286.0;15.0;14.0;
1525971997.89;60.0;3004.0;3004.0;2144.0;2143.0;1286.0;15.0;14.0;
1525971998.9;60.0;3004.0;3004.0;2144.0;2143.0;1286.0;14.0;12.0;
1525971999.9;60.0;3004.0;3004.0;2144.0;2143.0;1286.0;14.5;12.5;
1525972000.91;60.0;3004.0;3004.0;2144.0;2143.0;1286.0;15.5;16.0;
1525972001.91;60.0;3004.0;3004.0;2144.0;2143.0;1286.0;16.0;13.0;
1525972002.92;60.0;3004.0;3004.0;2144.0;2143.0;1286.0;14.0;10.0;
1525972003.92;60.0;3004.0;3004.0;2144.0;2143.0;1286.0;14.0;14.0;
1525972004.93;60.0;3004.0;3004.0;2144.0;2143.0;1286.0;15.0;14.0;
1525972005.94;60.0;3004.0;3004.0;2144.0;2143.0;1286.0;14.0;13.0;
1525972006.95;60.0;3004.0;3004.0;2144.0;2143.0;1286.0;15.0;12.5;
1525972007.95;60.0;3004.0;3004.0;2144.0;2143.0;1286.0;13.5;11.0;
1525972008.96;60.0;3004.0;3004.0;2144.0;2143.0;1286.0;15.0;12.0;
1525972009.97;60.0;3004.0;3004.0;2144.0;2143.0;1286.0;14.0;15.0;
1525972203.18;60;3004;3004;2144;2143;1286;14;14;
1525972204.19;60;3004;3004;2144;2143;1286;13;10;
1525972205.2;60;3004;3004;2144;2143;1286;14;13;
1525972206.2;60;3004;3004;2144;2143;1286;15;15;
1525972207.21;60;3004;3004;2144;2143;1286;14;10;
1525972208.22;60;3004;3004;2144;2143;1286;15;13;
1525972209.23;60;3004;3004;2144;2143;1286;14;13;
